1654	3001	99
2475	5263	101
4379	9653	100
4765	11162	99
4783	11168	99
5614	12266	99
6522	18750	101
6890	18873	100
7594	19601	99
9826	30232	99
9908	30943	100
11699	34954	100
11803	35172	99
12115	37134	99
12141	37162	101
12553	37328	99
13448	40814	100
13936	41802	99
14136	41873	101
14231	42379	100
15533	46727	100
21659	67189	101
23852	72791	101
25094	74010	101
26543	76033	101
27392	80994	101
33472	106305	100
33668	106960	101
34139	110379	101
36255	136518	99
36478	120182	100
38985	128195	99
40491	132325	99
40663	132382	100
41463	133238	99
42457	133811	100
42996	137737	99
43076	137794	101
44775	139099	99
47231	144417	101
49723	149102	100
51162	155292	99
52018	158827	100
53086	160237	100
53986	162363	100
55264	165016	100
59228	172047	101
61918	177580	100
63814	185812	100
64172	188150	101
64243	188174	100
64668	188400	99
67843	295536	100
68004	295591	99
68014	295594	100
69104	194783	101
69244	195225	100
71962	206244	100
72205	206798	100
73084	211837	100
73792	213954	100
74028	217955	99
77044	225818	100
78155	227864	101
78389	228146	101
78974	229674	101
79331	232354	101
79436	232618	101
79446	232626	99
79755	233619	99
80372	237532	101
80797	239224	100
80939	239943	101
83012	251706	101
83201	252087	101
85217	255106	101
90405	286230	99
90479	286327	101
91319	289618	101
93263	297371	101
93275	297613	101
94121	299486	101
94925	301129	101
95096	301339	101
95527	303948	100
97292	305384	101
97809	306618	99
99162	308924	99
99575	309377	101
99675	309576	99
100081	310132	100
100147	310160	100
101149	311899	100
102921	328884	99
103576	329645	100
104100	331857	99
105991	336692	100
106617	338634	99
107034	339820	99
114138	359691	99
115338	362290	99
117787	370531	100
117985	370597	100
119129	370978	101
119943	371256	99
120597	376327	99
121784	381135	101
123452	385126	101
125386	385942	100
125967	386136	99
127206	387262	99
127391	387534	101
128516	390360	101
128896	390573	100
128958	390417	99
130562	395496	101
134548	403478	100
136413	423992	99
137940	430004	99
138430	436550	100
141680	453724	101
145844	468358	101
145959	468888	99
149376	474494	99
150071	475389	101
151150	478450	100
151818	481771	99
152248	482886	100
152537	483345	101
152761	483614	100
157724	497856	101
157979	498666	101
158406	499017	99
159582	500700	99
162090	506559	99
162956	510046	101
163627	511092	100
164832	520889	99
166622	524712	101
166923	524972	99
170467	539242	100
170737	539495	100
174027	549198	99
181660	560875	100
182097	562586	99
186834	571794	99
186894	571814	99
187326	571958	99
189650	577952	101
189815	578007	101
191096	581160	101
191409	582094	99
194388	587280	99
195463	591786	100
196318	599306	100
196868	604546	101
196948	604573	100
197823	606524	99
198932	609731	101
199305	610073	99
201530	617570	101
206319	629951	99
206784	627808	99
208384	635404	100
211834	651057	100
214037	654979	101
214648	656523	100
216475	665639	100
220108	680532	100
222170	688639	101
224756	695482	101
225192	697745	99
227069	703328	101
229321	709904	100
230461	712562	100
230876	714835	101
231082	715520	100
231694	717238	100
233230	721394	100
234227	725640	101
235434	729154	99
239717	759219	101
241303	766625	100
242493	768540	99
243620	768915	101
244981	769478	100
245714	772937	101
246773	774358	101
247685	778685	101
249244	783047	100
250206	785876	99
250597	786078	100
251473	790460	100
252221	791771	101
253266	796462	99
255470	811826	101
255636	812107	99
256820	814861	101
256922	815007	101
260364	823811	99
260949	824186	99
261094	824405	100
261199	824442	100
264757	835357	100
265198	836015	100
265724	837210	101
266553	842226	99
266675	842266	101
267711	843657	99
270831	851106	99
272923	854763	100
274620	858080	99
276394	862968	100
276492	863790	99
276519	864279	99
277271	866422	101
277980	868136	99
278685	870244	99
279485	871993	101
279733	873193	100
280900	874904	100
287272	892118	100
287688	894814	99
287961	896401	99
292810	904748	100
295707	919648	99
296465	954757	101
297397	911906	100
297906	913629	99
298752	914106	99
300163	917032	100
300663	920035	99
300911	920345	101
301522	929252	100
302486	930873	101
304357	941847	100
305081	943692	101
305133	943794	99
305187	944754	99
305940	948783	99
307488	953181	99
307874	953497	101
308563	957623	100
312208	973837	100
316086	993847	99
316344	994199	99
317480	999832	101
318447	1004123	99
318515	1005455	101
320214	1009182	99
322992	1014057	99
323499	1015509	99
327308	1030432	101
328220	1032546	101
328354	1032751	100
332104	1046216	100
335916	1056307	99
336126	1056602	99
342847	1077415	100
343456	1078475	100
346476	1087111	99
350037	1096538	99
352279	1100299	100
353878	1102931	100
354617	1173373	101
359324	1124732	101
361211	1126102	101
362348	1129592	101
362383	1129610	100
366519	1137882	99
369763	1147680	100
373223	1161526	101
376315	1170549	100
378269	1180131	101
380013	1184908	99
380641	1185628	100
380993	1187153	101
381278	1188612	101
381788	1189551	101
382627	1190994	100
383557	1191927	100
386763	1197627	99
387289	1198103	100
388133	1198384	101
388819	1199879	100
392183	1207412	101
392581	1209694	100
393046	1211803	100
394538	1218279	101
397062	1221382	99
397719	1228719	99
398130	1230203	99
401008	1239223	100
402449	1243217	101
404918	1244350	101
406591	1249209	100
410084	1268084	101
411260	1270862	101
412357	1272514	100
412497	1272871	99
415613	1276075	101
415803	1276575	99
420275	1284667	101
420929	1287955	101
421129	1288627	100
421462	1289186	100
423908	1299585	101
427588	1307678	100
428561	1309547	101
428707	1311492	100
432368	1318071	101
433363	1321149	100
433674	1321235	99
434979	1324945	99
436327	1327031	100
436622	1327246	101
437597	1329640	101
438447	1331805	99
443846	1342834	101
444747	1346336	99
445913	1348229	101
448942	1355637	100
449059	1355680	100
449877	1356141	99
451488	1361517	99
451547	1361542	101
452743	1365232	100
453437	1365781	101
455959	1371299	100
456148	1371646	100
456941	1374416	101
458713	1377991	100
460938	1390292	99
463721	1395102	101
464526	1399693	99
466905	1401115	99
467058	1401166	99
467413	1401455	100
468055	1402180	100
469953	1408771	99
470654	1410131	101
470674	1410138	100
473148	1415136	99
476156	1418569	101
476522	1418929	101
476712	1419890	99
477415	1421528	100
477711	1422937	99
478119	1423426	99
479248	1425398	100
480344	1430424	101
480754	1431510	100
483717	1439526	99
484262	1440356	101
484495	1440646	100
484604	1440740	101
486380	1444198	101
487418	1446815	101
487614	1447039	99
491542	1459518	100
493903	1468888	100
494750	1472266	101
497503	1487207	100
503177	1502681	101
503234	1502998	101
505308	1511885	99
505404	1511917	99
505538	1511961	101
507355	1518364	100
509982	1529067	99
510808	1532214	100
511002	1533906	99
515806	1557007	100
516744	1557510	99
519401	1560069	101
526162	1583944	100
528598	1589162	100
530307	1592685	99
532372	1604358	100
532447	1604383	100
532593	1604432	99
534795	1611723	99
535726	1615095	100
538662	1632762	99
540584	1634299	101
541790	1635331	101
542517	1635994	99
545093	1639218	101
545179	1639326	100
545434	1639564	100
546237	1640158	99
547964	1641997	101
548321	1642280	101
548894	1642853	101
549101	1643006	101
551338	1645667	100
553810	1649160	100
557482	1654696	100
559393	1657853	100
559522	1658022	100
559738	1658373	100
561762	1650207	99
562064	1654408	101
566763	1665036	99
567278	1665514	101
569382	1667571	99
569859	1668115	99
571067	1669323	101
571414	1669754	100
571774	1670080	100
574993	1673497	100
575101	1673588	100
575666	1674217	101
576046	1674434	100
578308	1676657	100
578363	1676709	101
579638	1678137	101
581603	1680464	101
582550	1681301	100
583233	1681881	99
584284	1683081	100
590454	1689950	99
590792	1690358	101
591285	1690878	99
593673	1693451	99
598336	1699020	100
598938	1699840	99
599830	1700956	100
600700	1701799	100
600802	1701906	100
601315	1702668	100
603355	1704890	100
607518	1708790	99
608739	1710103	99
610723	1712135	100
610775	1712182	101
610990	1712464	100
613684	1715310	100
614085	1715632	99
614787	1716326	99
620601	1722247	99
626410	1728976	100
626597	1729208	101
627401	1730031	101
628423	1731218	100
628779	1731765	99
628925	1732029	101
629685	1733051	99
631005	1734208	99
632885	1735949	101
633512	1736219	101
635074	1737679	100
635899	1738602	100
637525	1740166	100
638111	1740665	101
638253	1740781	99
640439	2525615	101
641164	1743803	100
644270	1747109	101
647272	1750284	100
647366	1750344	101
649041	1752239	99
649256	1752558	101
650761	1754240	100
650781	1754259	99
650934	1754408	99
651231	1780408	99
652809	1756007	99
654262	1757577	100
654789	1758231	99
661024	1764595	100
661780	1765427	100
665887	1769602	100
667193	1770926	101
669615	1773636	99
669719	1773726	101
671974	1775828	100
673883	1777719	101
673975	1777837	100
675762	1779610	99
676589	1780717	101
678234	1782696	99
679018	1783463	100
682301	1787388	101
683523	1788819	99
683928	1789223	99
686999	1792656	101
687708	1793385	99
687738	1793418	99
690700	1796848	100
692221	1798631	100
696989	1803252	101
697430	1803674	101
697530	1803777	99
698046	1804184	99
701279	1807719	101
701725	1808086	100
703027	1809364	100
703265	1809676	101
703729	1810433	100
703984	1810740	100
704774	1811359	101
704992	1810816	100
705077	1811279	101
706248	1812363	99
706713	1812996	99
708078	1813908	99
708813	1814520	99
709425	1815230	99
712868	1819508	101
713225	1819947	101
713469	1820216	99
713642	1820411	101
714426	1821526	99
714459	1821586	99
714503	1821651	101
715917	1822205	99
716405	1822634	101
720449	1826543	101
721151	1827262	101
725229	1831035	99
727789	1834443	100
728501	1835350	101
728898	1835837	99
729152	1836075	101
729852	1836827	99
737581	1844506	100
737652	1844530	99
738005	1844767	101
738759	1845678	99
739515	1846533	99
742776	1849713	99
744671	1873742	101
745926	1852607	99
748592	1855092	101
749178	1856363	99
749821	1857007	100
755053	1863292	100
758133	1866350	99
759543	1867915	99
760624	1869246	100
761663	1870699	101
761908	1871034	100
763081	1872339	100
763479	1872728	99
763971	1873304	99
765232	1875172	100
766293	1876469	99
768199	1878543	100
771024	1881626	99
776271	1886821	99
776399	1886915	101
780766	1892422	100
780830	1892486	101
781160	1892860	101
781967	1893697	101
784685	1896515	101
787324	1899573	100
787847	1900234	101
787989	1900399	99
788746	1901256	100
791065	1903725	100
793291	1906211	100
793837	1906772	100
795313	1908352	100
796728	1909720	99
800760	1913920	99
802727	1916009	101
805315	1918620	100
805602	1919007	99
806665	1920389	100
806721	1920427	99
806741	1920443	101
806938	1920672	100
808272	1922063	99
812638	1926533	100
812776	1926707	100
818568	1932606	99
820473	1934460	99
820715	1934675	101
822123	1936206	99
822230	1936320	101
823143	1937205	99
824095	1938240	100
824311	1938429	100
826931	1941002	101
826942	1941023	100
827665	1941883	100
828087	1942308	99
832882	1947638	100
833437	1948301	100
835623	1950548	99
835820	1950754	101
836179	1951608	100
836868	1952690	99
836896	1952603	100
838856	1954592	101
838876	1954608	100
838909	1954640	100
843676	1959779	100
843792	1959627	99
846522	1962720	99
846717	1962925	99
846736	1962956	100
847227	1963461	99
847407	1963663	99
847747	1964019	100
849608	1965988	101
850093	1966554	100
850729	1967855	100
853364	1969508	101
854357	1971019	101
856309	1973043	100
857449	1974551	100
858926	1976474	101
859797	1977530	99
859919	1977707	101
861090	1979455	99
864863	1984063	101
867356	1986860	101
871620	1991448	99
873744	1993834	99
876256	1996193	100
879059	1999060	101
881113	2000976	100
881743	2001582	100
882760	2002555	100
883056	2002785	99
884106	2003775	99
884377	2004097	100
884565	2004332	99
885735	2005440	99
886715	2006564	101
887767	2007864	100
888743	2008713	101
889245	2009113	99
890497	2010519	100
894085	2014309	100
894524	2014704	101
895085	2015317	101
895934	2016216	101
896865	2017257	99
898587	2018897	99
899691	2019732	99
901598	2021495	101
902259	2022000	99
905212	2024971	100
907366	2027246	100
907492	2027369	100
907624	2027497	100
909527	2029338	101
910458	2030442	99
910852	2030840	100
911293	2031057	100
912175	2031996	100
913550	2033607	101
915345	2035700	99
915348	2035701	99
917802	2037699	99
919850	2040305	101
920233	2040801	100
923604	2044787	99
925139	2046579	101
925186	2046646	100
928439	2050456	101
932560	2054630	100
933667	2056007	100
936066	2058296	99
936838	2059144	100
937817	2060209	101
940616	2063139	101
941478	2064185	99
941705	2064407	101
944619	2066953	99
945652	2067978	100
947700	2070015	99
947848	2070439	100
948239	2070928	101
949442	2072214	101
951582	2074485	99
952798	2075827	100
953759	2076832	101
953792	2076862	101
954400	2077391	100
954500	2077483	101
955311	2078204	99
956984	2080188	101
957333	2080551	99
958594	2082089	100
958842	2082324	99
960950	2084592	101
963218	2087406	101
964069	2087940	100
971358	2094855	99
971376	2094866	99
972757	2096399	100
973177	2096800	100
974533	2098301	100
974829	2098559	99
975364	2099165	100
976227	2099973	99
980071	2104010	100
980215	2104098	100
980504	2104434	101
985996	2110422	100
986180	2110604	101
986349	2110740	99
988120	2112428	100
990015	2114386	99
990906	2115225	99
996893	2121718	101
999504	2124807	99
999572	2124911	101
1002343	2127969	100
1003790	2129435	101
1004226	2129796	99
1005337	2131096	100
1007215	2133059	100
1008373	2134604	100
1011296	2137560	101
1015417	2147728	100
1015511	2147815	101
1021521	2148743	99
1023539	2150834	101
1024599	2152075	99
1024861	2152402	100
1026063	2153581	99
1026519	2153376	99
1027761	2154884	99
1031518	2158944	100
1033504	2161004	100
1035957	2163748	99
1038759	2166716	99
1039264	2167279	100
1041061	2169413	100
1046269	2175578	100
1046600	2175984	101
1048024	2177565	100
1049414	2179177	101
1052124	2181900	99
1053125	2183008	101
1053694	2183711	100
1054999	2185133	100
1055702	2185756	101
1057475	2187787	101
1059877	2190685	100
1060196	2191049	101
1060985	2191872	101
1061234	2192062	101
1061337	2192200	99
1061470	2192318	100
1065338	2196605	101
1065580	2196868	100
1066100	2197408	101
1066136	2197432	101
1066409	2197780	101
1068356	2199562	101
1068662	2200092	101
1069205	2200664	101
1069926	2201407	99
1071040	2202642	100
1071945	2203768	99
1072221	2204000	99
1072320	2204109	99
1075713	2207141	99
1075751	2207190	101
1076414	2207826	101
1078477	2209957	100
1081452	2213335	99
1081866	2213898	99
1085921	2218307	101
1090042	2222691	100
1095993	2228988	99
1096181	2229130	101
1096252	2229212	100
1096517	2229513	101
1097153	2230118	101
1098692	2231740	101
1100200	2233240	100
1101442	2234683	100
1102406	2235845	101
1102595	2235966	101
1104814	2238445	100
1106438	2240248	101
1106834	2240722	101
1107073	2241060	100
1108053	2241964	99
1108876	2242988	100
1109289	2243406	99
1109596	2243648	100
1110193	2244363	100
1110403	2244575	100
1111427	2245692	101
1112939	2247138	101
1115467	2249353	100
1119117	2253296	99
1122937	2256869	100
1123754	2257772	101
1124447	2258569	101
1125741	2259878	99
1126078	2260190	100
1126628	2260734	101
1128643	2262851	100
1129625	2263732	101
1130976	2265059	99
1132723	2267001	100
1134477	2268942	99
1134957	2269450	99
1136111	2270594	101
1142581	2277594	100
1144982	2279698	101
1146539	2281450	101
1146682	2281579	100
1149531	2284480	99
1150398	2285390	99
1151073	2286120	99
1151303	2286366	101
1153395	2288520	99
1156682	2291774	101
1158274	2293338	100
1159136	2294238	101
1160571	2295778	99
1160801	2295971	101
1162197	2297347	99
1163010	2298157	99
1163848	2299070	100
1164419	2299753	101
1166333	2301545	101
1170245	2305948	101
1171238	2306841	101
1171401	2307003	99
1171583	2307135	101
1172286	2308058	99
1172312	2308078	101
1172518	2308231	100
1173509	2309445	101
1174314	2310333	99
1174400	2310403	101
1174863	2310613	99
1175405	2311010	101
1177928	2313573	101
1178618	2314284	101
1185630	2321816	99
1186560	2322669	99
1186725	2322796	99
1187125	2323139	100
1191448	2327609	100
1191671	2327799	101
1193163	2454892	99
1198195	2334047	100
1198220	2334093	101
1199179	2335038	100
1205516	2342080	101
1205872	2342307	100
1206011	2342404	101
1206932	2343131	101
1207760	2343865	101
1208335	2344465	100
1212888	2349291	99
1216129	2352431	100
1217025	2353598	99
1218218	2354920	101
1220106	2356901	99
1220724	2357612	99
1221294	2358260	99
1222005	2359105	99
1222414	2359501	100
1223633	2360653	101
1225365	2362317	99
1225573	2362554	100
1226353	2363428	100
1228012	2365348	100
1229099	2366398	101
1229988	2367370	99
1231338	2368928	99
1232162	2369808	101
1236274	2374178	100
1236888	2374760	99
1236979	2374837	100
1237628	2375478	101
1238107	2376021	100
1238353	2376277	100
1238926	2376809	100
1240613	2378652	101
1242666	2380839	99
1242771	2380961	99
1243127	2381285	101
1244519	2382624	101
1247131	2385106	100
1249750	2387837	100
1250024	2388107	101
1250767	2388808	100
1254525	2392148	99
1256092	2393795	100
1256128	2393830	100
1257046	2394962	100
1257113	2395023	101
1257320	2395269	101
1258692	2396552	99
1258734	2396614	99
1260599	2398564	101
1261865	2399995	101
1262639	2400866	101
1263291	2401515	99
1264253	2402482	101
1265896	2404330	100
1267361	2406047	101
1267781	2406387	101
1267838	2406417	101
1269489	2408228	99
1270583	2409343	101
1271603	2410434	101
1273059	2411743	99
1274425	2413210	100
1277864	2416997	101
1278952	2422072	100
1279333	2418627	100
1280222	2419536	101
1283108	2422642	101
1283444	2422969	101
1285344	2425033	99
1285694	2425397	101
1286056	2425811	100
1286352	2426148	99
1287340	2427158	100
1287555	2427436	99
1291515	2431792	99
1291711	2432057	100
1293691	2434027	100
1294011	2434551	99
1295427	2435981	99
1296944	2437592	101
1297501	2438110	100
1298780	2439540	101
1304808	2446025	99
1307517	2449369	99
1309521	2451469	99
1310022	2451973	99
1311164	2453247	101
1311642	2453757	99
1313026	2455422	100
1313885	2456358	101
1314022	2456563	100
1316290	2458812	100
1316345	2459034	101
1317806	2460097	101
1318540	2460854	100
1320439	2463249	100
1322238	2465254	99
1322776	2465770	100
1323000	2465982	99
1324060	2467357	100
1326586	2470756	100
1327880	2471849	101
1329695	2473449	101
1330409	2474220	101
1330685	2474470	101
1331297	2475110	101
1332424	2476372	100
1333369	2477464	100
1333728	2477950	99
1333793	2478025	101
1337200	2482011	100
1337574	2482501	99
1337792	2482806	101
1339173	2484334	99
1339746	2484897	99
1340841	2508082	99
1340962	2508122	100
1341317	2508208	101
1343918	2487923	101
1344266	2488097	101
1344641	2488540	101
1344909	2488817	99
1347300	2491714	99
1347558	2491991	99
1347573	2492008	99
1354429	2500407	100
1354462	2500428	100
1354943	2500914	101
1355226	2501191	99
1355847	2501810	99
1359459	2505701	99
1360642	2506992	100
1361357	2507677	101
1361963	2508633	101
1365615	2511968	99
1365743	2512081	101
1366230	2512502	99
1368279	2514526	99
1369245	2515807	99
1371012	2517622	99
1371432	2518030	99
1373777	2520081	101
1374095	2520401	101
1374360	2520661	99
1374370	2520667	100
1376258	2522237	101
1376459	2522470	101
1380032	1730276	113